1 0.553846 1 1
1 0.969231 1 0
1 0.538462 0 0
1 0.615385 1 0
1 0.985846 0 1
1 0.276923 0 1
1 0.0307692 1 1
1 0.4 0 0
1 0.107692 1 1
1 0 0 0
1 0.276923 0 0
1 0.707692 1 1
1 0.230769 1 1
1 0.630769 0 0
1 0.446154 0 0
1 0.430769 0 1
1 0.276923 1 1
1 0.6 0 1
1 0.615385 0 0
1 0.615385 0 1
1 0.707692 1 1
1 0.569231 0 1
1 0.307692 0 0
1 0.4 0 1
1 0.538462 1 1
1 0.107692 1 1
1 0.307692 1 1
1 0.661538 1 1
1 0.369231 0 0
1 0.261538 0 0
1 0.0923077 1 1
1 0.0769231 1 1
1 0.307692 0 0
1 0.184615 1 1
1 0.107692 1 1
1 0.446154 0 1
1 0.492308 0 0
1 0.446154 0 1
1 0.446154 1 1
1 0.784615 1 1
1 0.830769 0 1
1 0.246154 0 0
1 0.446154 0 0
1 0.292308 0 0
1 0.276923 1 1
1 0.584615 0 1
1 0.523077 1 1
1 0.584615 0 0
1 0.6 1 1
1 0.0153846 1 1
1 0.430769 0 0
1 0.4 1 1
1 0.153846 1 1
1 0 0 0
1 0 1 1
1 0.446154 1 1
1 0.4 0 0
1 0.415385 1 1
1 0.584615 0 1
1 0.523077 0 0
1 0.584615 1 1
1 0.523077 0 1
1 0.738462 1 1
1 0.938462 0 1
1 0.584615 1 1
1 0.230769 0 0
1 0.261538 1 1
1 0.246154 0 1
1 0.261538 1 1
1 0.4 0 0
1 0.646154 1 1
1 0.184615 1 1
1 0.446154 1 0
1 0.538462 0 0
1 0.630769 1 1
1 0.707692 0 0
1 0.569231 1 1
1 0.646154 1 1
1 0.0153846 0 0
1 0.0769231 1 1
1 0.246154 0 1
1 0.323077 0 1
1 0.661538 1 1
1 0.0769231 0 1
1 0.261538 1 1
1 0.430769 0 0
1 0.461538 1 1
1 0.276923 0 0
1 0.661538 1 1
1 0.307692 1 1
1 0.246154 0 1
1 0 0 0
1 0.169231 0 1
1 0.415385 0 0
1 0.707692 1 1
1 0.107692 1 1
1 0.307692 1 1
1 0.646154 0 1
1 0.292308 0 0
1 0.615385 0 1
1 0.676923 1 1
1 0.261538 0 1
1 0.246154 1 1
1 0.307692 0 0
1 0.446154 1 1
1 0.153846 0 0
1 0.2 1 1
1 0.630769 1 1
1 0.753846 1 1
1 0.323077 1 1
1 0.215385 1 1
1 0.353846 0 0
1 0.461538 1 1
1 0.461538 0 1
1 0.415385 0 1
1 0.461538 1 1
1 0.230769 1 0
1 0.246154 0 1
1 0.292308 0 0
1 0.107692 0 0
1 0.369231 0 0
1 0.353846 0 1
1 0.384615 1 1
1 0.353846 0 0
1 0.153846 1 1
1 0.230769 1 1
1 0.753846 1 1
1 0.553846 0 0
1 0.676923 1 1
1 0.538462 0 0
1 0.769231 1 1
1 0.538462 0 0
1 0.292308 0 0
1 0.169231 0 0
1 0.446154 0 1
1 0.569231 0 0
1 0 0 0
1 0.492308 1 1
1 0.323077 0 0
1 0.430769 1 1
1 0.153846 0 0
1 0.276923 0 0
1 0.446154 0 0
1 0.107692 0 0
1 0.523077 1 1
1 0.646154 1 1
1 0.707692 1 1
1 0.0153846 0 0
1 0.0153846 0 0
1 0.661538 1 1
1 0.569231 0 0
1 0.661538 0 0
1 0.723077 0 0
1 0.738462 1 1
1 0.2 0 1
1 0.292308 0 0
1 0.138462 1 1
1 0.338462 1 1
1 0.523077 0 0
1 0.492308 1 1
1 0.584615 1 1
1 0.153846 0 0
1 0.169231 1 1
1 0.0615385 0 0
1 0.261538 1 1
1 0.723077 1 1
1 0.8 0 1
1 0.676923 1 1
1 0.476923 0 1
1 0.384615 1 1
1 0.446154 0 1
1 0.230769 0 0
1 0.4 1 1
1 0.138462 0 1
1 0.569231 0 1
1 0.138462 0 0
1 0.138462 0 0
1 0.630769 0 0
1 0.723077 1 1
1 0.630769 0 1
1 0.646154 1 1
1 0.307692 0 1
1 0.384615 1 1
1 0.907692 0 1
1 0.123077 0 0
1 0.507692 0 1
1 0.0461538 0 0
1 0.169231 0 1
1 0.338462 1 1
1 0.2 1 1
1 0.0461538 1 1
1 0 0 0
1 0.0307692 1 0
1 0.0615385 0 0
1 0.292308 1 1
1 0.2 0 0
1 0.4 1 1
1 0.723077 1 1
1 0.261538 0 1
1 0.246154 0 0
1 0.4 1 1
1 0.738462 0 1
1 0.292308 0 0
1 0.523077 0 1
1 0.0615385 0 0
1 0.276923 0 0
1 0.0153846 0 0
1 0.0769231 1 1
1 0.0769231 0 0
1 0.153846 1 1
1 0.169231 0 0
1 0.676923 0 0
1 0.123077 0 0
1 0.307692 1 1
1 0.523077 1 1
1 0.230769 0 0
1 0.230769 1 1
1 0.584615 0 0
1 0.692308 1 1
1 0.215385 0 0
1 0.676923 0 1
1 0.446154 1 1
1 0.384615 0 0
1 0.507692 0 0
1 0.492308 0 0
0.5 0.538462 0 0
0.5 0.569231 1 1
0.5 0.723077 0 0
0.5 0.476923 0 0
0.5 0.507692 1 1
0.5 0.123077 0 0
0.5 0.723077 0 0
0.5 0.646154 0 0
0.5 0.446154 1 1
0.5 0.569231 0 0
0.5 0.215385 0 0
0.5 0.507692 0 1
0.5 0.707692 1 1
0.5 0.569231 0 0
0.5 0.446154 1 1
0.5 0.938462 1 1
0.5 0.984615 0 1
0.5 0.815385 1 1
0.5 0.476923 0 1
0.5 0.707692 1 1
0.5 0.646154 0 0
0.5 0.6 0 0
0.5 0.584615 0 0
0.5 0.769231 1 1
0.5 0.307692 0 0
0.5 0.384615 1 1
0.5 0.692308 1 1
0.5 0.615385 0 0
0.5 0.446154 1 1
0.5 0.615385 0 0
0.5 0.353846 1 1
0.5 0.6 0 1
0.5 0.6 1 1
0.5 0.987231 0 1
0.5 0.523077 1 1
0.5 0.707692 0 0
0.5 0.169231 0 0
0.5 0.323077 1 0
0.5 0.2 0 0
0.5 0.538462 0 0
0.5 0.538462 1 0
0.5 0.553846 0 0
0.5 0.553846 0 0
0.5 0.584615 0 0
0.5 0.630769 0 1
0.5 0.461538 0 0
0.5 0.523077 1 1
0.5 0.876923 1 1
0.5 0.661538 1 0
0.5 0.538462 1 0
0.5 0.692308 0 0
0.5 0.676923 0 0
0.5 0.246154 1 1
0.5 0.876923 0 1
0.5 0.569231 1 1
0.5 0.723077 0 0
0.5 0.569231 0 0
0.5 0.661538 1 1
0.5 0.615385 0 0
0.5 0.723077 0 0
0.5 0.507692 1 1
0.5 0.723077 1 1
0.5 0.353846 0 0
0.5 0.476923 1 1
0.5 0.876923 0 1
0.5 0.646154 0 0
0.5 0.676923 0 0
0.5 0.707692 0 0
0.5 0.415385 0 0
0.5 0.415385 1 0
0.5 0.461538 0 0
0.5 0.461538 0 0
0.5 0.415385 0 0
0.5 0.630769 1 1
0.5 0.753846 0 0
0.5 0.6 0 0
0.5 0.307692 0 0
0.5 0.630769 0 0
0.5 0.676923 0 0
0.5 0.661538 0 0
0.5 0.476923 0 0
0.5 0.538462 0 0
0.5 0.230769 0 0
0.5 0.538462 0 0
0.5 0.646154 1 1
0.5 0.984615 0 1
0.5 0.323077 0 0
0.5 0.569231 0 0
0.5 0.907692 1 1
0.5 0.538462 0 1
0.5 0.338462 0 0
0.5 0.307692 1 1
0.5 0.892308 1 1
0.5 0.630769 1 1
0.5 0.630769 1 1
0.5 0.246154 0 0
0.5 0.261538 1 1
0.5 0.476923 0 0
0.5 0.507692 0 0
0.5 0.676923 0 0
0.5 0.723077 1 0
0.5 0.184615 1 1
0.5 0.646154 0 0
0.5 0.676923 1 1
0.5 0.2 0 0
0.5 0.353846 0 0
0.5 0.446154 1 1
0.5 0.676923 0 0
0.5 0.369231 0 1
0.5 0.492308 0 0
0.5 0.738462 1 1
0.5 0.646154 1 1
0.5 0.476923 0 0
0.5 0.661538 1 0
0.5 0.307692 1 1
0.5 0.523077 0 0
0.5 0.538462 0 0
0.5 0.6 1 0
0.5 0.476923 1 1
0.5 0.6 0 0
0.5 0.661538 1 1
0.5 0.984615 1 1
0.5 0.953846 1 1
0.5 0.615385 0 0
0.5 0.261538 0 0
0.5 0.123077 1 0
0.5 0.969231 0 1
0.5 0.584615 0 0
0.5 0.707692 1 1
0.5 0.538462 0 0
0.5 0.692308 0 0
0.5 0.307692 0 0
0.5 0.292308 0 0
0.5 0.369231 1 1
0.5 0.8 1 1
0.5 0.707692 0 1
0.5 0.538462 0 0
0.5 0.261538 0 0
0.5 0 0 0
0.5 0.169231 0 0
0.5 0.0153846 0 0
0.5 0.507692 0 0
0.5 0.723077 1 1
0.5 0.969231 0 1
0.5 0.507692 0 0
0.5 0.953846 0 1
0.5 0.6 0 0
0.5 0.707692 0 0
0.5 0.692308 0 1
0.5 0.553846 1 1
0.5 0.4 0 0
0.5 0.661538 0 1
0.5 0.630769 0 0
0.5 0.569231 0 0
0.5 0.230769 1 1
0.5 0.692308 0 0
0.5 0.384615 0 0
0.5 0.353846 1 1
0.5 0.676923 0 0
0.5 0.507692 1 1
0.5 0.476923 0 0
0.5 0.492308 1 1
0.5 0.969231 1 1
0.5 0.876923 1 1
0.5 0.446154 0 0
0.5 0.476923 0 0
0.5 0.538462 1 1
0.5 0.569231 1 1
0.5 0.646154 0 0
0.5 0.987692 0 1
0.5 0.615385 1 1
0.5 0.953846 0 1
0.5 0.230769 1 1
0.5 0.676923 1 1
0.5 0.615385 1 1
0.5 0.723077 1 1
0.5 0.692308 1 1
0.5 0.538462 1 1
0.5 0.0923077 0 0
0.5 0.538462 1 1
0.5 0.461538 0 0
0.5 0.661538 0 0
0.5 0.615385 0 0
0.5 0.369231 0 0
0.5 0.615385 0 0
0.5 0.784615 0 0
0.5 0.230769 1 1
0.5 0.661538 0 0
0.5 0.584615 1 1
0.5 0.553846 0 0
0.5 0.584615 1 0
0.5 0.538462 0 0
0.5 0.661538 0 0
0.5 0.461538 1 1
0.5 0.538462 0 0
0.5 0.569231 1 1
0.5 0.646154 0 0
0.5 0.815385 1 1
0.5 0.384615 1 1
0.5 0.446154 1 1
0.5 0.569231 0 0
0.5 0.507692 1 1
0.5 0.553846 1 1
0.5 0.938462 1 1
0.5 0.969231 0 1
0.5 0.446154 0 0
0.5 0.492308 1 1
0.5 0.507692 0 1
0.5 0.6 1 1
0.5 0.538462 0 0
0.5 0.630769 1 1
0.5 0.723077 0 0
0 0.353846 0 0
0 0.8 0 0
0 0.753846 0 0
0 0.461538 1 1
0 0.753846 1 1
0 0.615385 0 1
0 0.723077 1 1
0 0.692308 0 1
0 0.538462 0 0
0 0.6 0 0
0 0.384615 1 0
0 0.630769 0 0
0 0.369231 0 0
0 0.723077 1 1
0 0.987231 0 1
0 0.646154 0 0
0 0.692308 0 0
0 0.615385 0 0
0 0.461538 0 0
0 0.738462 0 0
0 0.507692 0 0
0 0.692308 0 0
0 0.4 0 0
0 0.4 1 0
0 0.907692 1 0
0 0.969231 1 0
0 0.738462 1 1
0 0.415385 1 0
0 0.861538 1 0
0 0.6 0 0
0 0.830769 1 0
0 0.938462 0 0
0 0.692308 0 0
0 0.6 0 0
0 0.615385 0 0
0 0.723077 1 0
0 0.630769 0 0
0 0.461538 0 0
0 0.384615 0 0
0 0.415385 1 1
0 0.923077 0 0
0 0.861538 0 0
0 0.953846 0 1
0 0.8 0 0
0 0.646154 0 1
0 0.923077 1 1
0 0.307692 1 1
0 0.646154 0 0
0 0.738462 1 0
0 0.584615 0 0
0 0.646154 0 0
0 0.692308 0 0
0 0.507692 0 0
0 0.492308 1 1
0 0.953846 1 1
0 0.723077 1 1
0 0.384615 0 0
0 0.6 0 0
0 0.769231 1 1
0 0.307692 1 0
0 0.723077 1 0
0 0.584615 1 0
0 0.661538 0 0
0 0.707692 0 0
0 0.6 0 0
0 0.661538 0 0
0 0.692308 0 0
0 0.507692 0 1
0 0.676923 0 0
0 0.723077 0 0
0 0.6 0 0
0 0.907692 0 0
0 0.861538 1 0
0 0.384615 0 0
0 0.507692 1 0
0 0.6 0 0
0 0.723077 1 1
0 0.692308 1 0
0 0.553846 0 0
0 0.661538 0 0
0 0.661538 0 0
0 0.461538 0 0
0 0.676923 0 1
0 0.692308 1 0
0 0.707692 0 0
0 0.723077 1 0
0 0.723077 0 0
0 0.415385 0 0
0 0.538462 0 0
0 0.738462 0 0
0 0.676923 1 0
0 0.676923 0 0
0 0.676923 0 0
0 0.630769 0 0
0 0.492308 0 0
0 0.492308 0 0
0 0.569231 0 0
0 0.753846 1 1
0 0.430769 1 0
0 0.569231 0 0
0 0.630769 0 0
0 0.676923 0 0
0 0.507692 0 0
0 0.553846 0 0
0 0.6 0 0
0 0.723077 0 0
0 0.692308 0 0
0 0.707692 0 1
0 0.630769 0 0
0 0.630769 0 0
0 0.446154 0 0
0 0.523077 0 0
0 0.523077 0 0
0 0.538462 1 0
0 0.661538 1 1
0 0.338462 0 0
0 0.461538 0 0
0 0.584615 0 0
0 0.707692 0 0
0 0.538462 0 0
0 0.446154 1 1
0 0.953846 0 1
0 0.861538 0 1
0 0.0923077 0 0
0 0.707692 0 0
0 0.323077 0 0
0 0.738462 1 1
0 0.307692 0 1
0 0.661538 1 0
0 0.707692 0 0
0 0.553846 0 1
0 0.538462 1 1
0 0.476923 0 0
0 0.569231 1 0
0 0.994923 0 0
0 0.584615 0 0
0 0.615385 0 0
0 0.630769 0 0
0 0.661538 0 0
0 0.676923 0 0
0 0.738462 0 0
0 0.6 0 0
0 0.492308 1 1
0 0.984615 0 1
0 0.997385 1 1
0 0.615385 0 0
0 0.446154 0 1
0 0.446154 1 1
0 0.538462 0 1
0 0.646154 0 0
0 0.6 0 0
0 0.707692 1 1
0 0 0 0
0 0.353846 0 0
0 0.338462 0 0
0 0.507692 0 0
0 0.707692 0 1
0 0.538462 1 1
0 0.630769 1 0
0 0.646154 1 1
0 0.630769 1 1
0 0.630769 0 1
0 0.646154 0 0
0 0.661538 1 1
0 0.723077 0 0
0 0.753846 0 0
0 0.307692 0 0
0 0.276923 0 0
0 0.923077 1 1
0 0.676923 1 0
0 0.723077 0 0
0 0.861538 1 0
0 0.261538 1 0
0 0.753846 0 0
0 0.615385 0 0
0 0.415385 1 1
0 0.661538 0 0
0 0.753846 1 1
0 0.492308 0 0
0 0.861538 0 1
0 0.369231 0 0
0 0.415385 0 0
0 0.384615 0 0
0 0.338462 1 0
0 0.784615 0 0
0 0.753846 1 0
0 0.861538 0 0
0 0.846154 1 0
0 0.907692 0 0
0 0.830769 0 0
0 0.384615 0 0
0 0.507692 0 0
0 0.692308 0 0
0 0.430769 0 0
0 0.569231 0 0
0 0.707692 0 0
0 0.630769 1 0
0 0.738462 1 0
0 0.569231 0 0
0 0.630769 1 1
0 0.692308 0 0
0 0.369231 0 0
0 0.307692 1 1
0 0.6 0 0
0 0.676923 0 0
0 0.584615 0 1
0 0.723077 1 0
0 0.6 1 1
0 0.646154 1 0
0 0.661538 1 1
0 0.569231 1 0
0 0.661538 1 1
0 0.969231 1 0
0 0.338462 0 0
0 0.584615 1 1
0 0.353846 0 0
0 0.584615 1 0
0 0.615385 1 0
0 0.584615 0 1
0 0.707692 1 1
0 0.692308 0 0
0 0.261538 0 0
0 0.738462 0 0
0 0.476923 0 0
0 0.661538 0 0
0 0.492308 0 0
0 0.507692 0 1
0 0.553846 0 0
0 0.6 0 1
0 0.246154 0 0
0 0.984615 1 1
0 0.492308 0 0
0 0.938462 0 1
0 0.630769 1 0
0 0.707692 0 0
0 0.507692 0 1
0 0.584615 0 0
0 0.676923 1 0
0 0.507692 0 1
0 0.692308 1 0
0 0.738462 0 0
0 0.676923 0 0
0 0.538462 0 0
0 0.676923 0 1
0 0.646154 0 0
0 0.661538 0 0
0 0.938462 1 1
0 0.4 0 0
0 0.692308 0 0
0 0.676923 1 1
0 0.323077 0 0
0 0.353846 0 0
0 0.676923 1 1
0 0.630769 0 0
0 0.615385 0 0
0 0.661538 0 0
0 0.661538 0 0
0 0.4 0 1
0 0.6 1 0
0 0.938462 1 1
0 0.661538 1 0
0 0.6 0 0
0 0.976923 1 0
0 0.446154 1 0
0 0.723077 0 0
0 0.615385 0 1
0 0.430769 1 0
0 0.661538 1 1
0 0.692308 0 0
0 0.6 0 1
0 0.553846 0 0
0 0.553846 0 0
0 0.661538 0 0
0 0.507692 0 0
0 0.676923 0 0
0 0.676923 1 0
0 0.446154 0 0
0 0.4 0 0
0 0.615385 1 0
0 0.307692 1 0
0 0.446154 0 0
0 0.538462 1 0
0 0.692308 0 1
0 0.646154 1 0
0 0.676923 0 0
0 0.976923 1 0
0 0.615385 0 1
0 0.723077 1 1
0 0.0307692 1 1
0 0.723077 1 0
0 0.523077 0 0
0 0.523077 1 0
0 0.769231 0 0
0 0.569231 0 0
0 0.446154 0 0
0 0.569231 0 0
0 0.846154 1 0
0 0.446154 0 0
0 0.538462 1 0
0 0.661538 0 1
0 0.553846 0 0
0 0.276923 0 0
0 0.784615 1 0
0 0.661538 0 0
0 0.215385 0 0
0 0.723077 0 0
0 0.307692 1 1
0 0.569231 0 0
0 0.676923 0 0
0 0.584615 0 0
0 0.446154 0 0
0 0.584615 0 0
0 0.769231 1 1
0 0.584615 0 0
0 0.6 0 0
0 0.661538 0 0
0 0.630769 0 0
0 0.553846 0 0
